chr1	1799	363	3235	0.469899	1.774e+00	1.280e+00	1.06701
chr1	1813	379	3246	0.467901	1.774e+00	1.280e+00	1.06247
chr1	2548	700	4396	0.539011	2.129e+00	1.280e+00	1.46887
chr1	2864	1312	4415	0.403154	2.129e+00	2.250e+00	1.93121
chr1	2890	1350	4429	0.393839	2.129e+00	2.250e+00	1.88659
chr1	3692	1398	5985	0.720747	1.774e+00	2.000e+00	2.55721
chr1	4598	3192	6003	0.544641	1.774e+00	2.000e+00	1.93239
chr1	4728	3204	6251	0.599622	2.129e+00	2.000e+00	2.55319
chr1	4917	3222	6611	0.60865	2.129e+00	2.000e+00	2.59163
chr1	4957	3235	6678	0.629949	2.129e+00	1.280e+00	1.71669
chr1	4968	3246	6690	0.630624	1.774e+00	1.280e+00	1.43197
chr1	5546	4396	6696	0.474862	1.774e+00	1.280e+00	1.07828
chr1	5570	4415	6725	0.478858	1.774e+00	1.400e+00	1.18929
chr1	5578	4429	6726	0.473664	1.774e+00	7.200e-01	0.605001
chr1	6543	5985	7100	0.238105	1.419e+00	1.280e+00	0.432474
chr1	6765	6003	7527	0.298415	1.774e+00	1.280e+00	0.677617
chr1	6892	6251	7532	0.240541	2.129e+00	1.280e+00	0.655504
chr1	7082	6611	7553	0.232857	2.129e+00	2.250e+00	1.11544
chr1	7387	6678	8095	0.229791	2.129e+00	1.280e+00	0.626207
chr1	7411	6690	8132	0.238537	1.774e+00	1.280e+00	0.541651
chr1	7415	6696	8134	0.236981	1.774e+00	1.280e+00	0.538117
chr1	7553	6725	8381	0.260131	1.774e+00	1.280e+00	0.590685
chr1	7557	6726	8388	0.262527	1.419e+00	2.000e+00	0.745053
chr1	7901	7100	8701	0.239363	1.774e+00	1.280e+00	0.543527
chr1	8226	7527	8925	0.176725	2.129e+00	1.280e+00	0.481597
chr1	8247	7532	8961	0.189103	1.774e+00	1.280e+00	0.4294
chr1	8439	7553	9324	0.25535	1.419e+00	1.280e+00	0.463797
chr1	8733	8095	9371	0.250512	1.064e+00	1.280e+00	0.341177
chr1	8979	8132	9826	0.254522	7.095e-01	2.000e+00	0.361167
chr1	9120	8134	10105	0.365072	7.095e-01	2.000e+00	0.518037
chr1	9815	8381	11249	0.35679	7.095e-01	2.000e+00	0.506285
chr1	9863	8388	11338	0.389606	1.064e+00	2.000e+00	0.829082
chr1	10024	8701	11346	0.306104	1.419e+00	2.000e+00	0.868724
chr1	10141	8925	11357	0.306474	1.419e+00	2.000e+00	0.869773
chr1	10173	8961	11385	0.303279	1.419e+00	2.000e+00	0.860706
chr1	10627	9324	11930	0.240552	1.419e+00	2.000e+00	0.682688
chr1	10657	9371	11942	0.226582	1.419e+00	2.000e+00	0.643039
chr1	11569	9826	13312	0.293011	1.419e+00	2.000e+00	0.831564
chr1	11722	10105	13339	0.192353	1.419e+00	2.000e+00	0.545898
chr1	12313	11249	13377	0.181152	1.419e+00	2.000e+00	0.51411
chr1	12497	11338	13655	0.219478	1.774e+00	2.000e+00	0.778708
chr1	13244	11346	15141	0.236669	1.419e+00	2.000e+00	0.671666
chr1	13272	11357	15186	0.250309	1.064e+00	2.000e+00	0.532657
chr1	13293	11385	15201	0.244989	7.095e-01	2.000e+00	0.347639
chr1	13568	11930	15205	0.23459	3.548e-01	2.000e+00	0.166465
chr1	13580	11942	15218	0.235097	7.095e-01	2.000e+00	0.333602
chr1	14292	13312	15271	0.172359	7.095e-01	2.000e+00	0.244578
chr1	14307	13339	15274	0.1628	7.095e-01	2.000e+00	0.231013
chr1	14329	13377	15280	0.150025	1.064e+00	2.000e+00	0.319253
chr1	14470	13655	15285	0.0781957	1.419e+00	2.000e+00	0.221919
chr1	15220	15141	15299	0.06307	1.064e+00	2.000e+00	0.134213
chr1	15796	15186	16405	0.17031	1.064e+00	2.000e+00	0.36242
chr1	15809	15201	16417	0.169112	1.064e+00	2.000e+00	0.359871
chr1	15816	15205	16426	0.171109	1.064e+00	2.000e+00	0.364119
chr1	15825	15218	16431	0.167914	1.419e+00	2.000e+00	0.476541
chr1	15852	15271	16433	0.147586	1.419e+00	2.000e+00	0.41885
chr1	15855	15274	16435	0.147187	1.419e+00	2.000e+00	0.417717
chr1	15858	15280	16436	0.145191	1.774e+00	2.250e+00	0.57953
chr1	16274	15285	17262	0.472802	1.774e+00	2.250e+00	1.88719
chr1	16322	15299	17345	0.500375	1.419e+00	2.250e+00	1.59757
chr1	17598	16405	18791	0.8695	1.774e+00	1.400e+00	2.15949
chr1	17608	16417	18799	0.867901	2.129e+00	1.600e+00	2.95642
chr1	17640	16426	18854	0.880311	2.129e+00	2.917e+00	5.46699
chr1	17663	16431	18895	0.894617	2.483e+00	1.333e+00	2.96104
chr1	17668	16433	18902	0.896617	2.129e+00	1.333e+00	2.54456
chr1	20244	16435	24053	2.95199	1.774e+00	1.125e+00	5.89144
chr1	20315	16436	24193	3.00798	2.129e+00	1.333e+00	8.53651
chr1	20756	17262	24250	2.70098	1.774e+00	1.333e+00	6.38712
chr1	20806	17345	24266	2.67399	1.419e+00	2.667e+00	10.1196
chr1	22036	18791	25281	2.55308	1.774e+00	1.333e+00	6.03737
chr1	22046	18799	25293	2.55409	1.774e+00	1.125e+00	5.09732
chr1	22098	18854	25342	2.55807	1.774e+00	1.250e+00	5.67252
chr1	22153	18895	25410	2.56907	2.129e+00	1.467e+00	8.02382
chr1	22184	18902	25466	2.58807	1.774e+00	2.667e+00	12.2448
chr1	24767	24053	25481	0.538184	1.774e+00	1.400e+00	1.33663
chr1	24844	24193	25495	0.487886	1.774e+00	2.500e+00	2.16377
chr1	24890	24250	25530	0.479087	1.419e+00	1.400e+00	0.951755
chr1	25258	24266	26250	0.603676	1.774e+00	1.467e+00	1.57104
chr1	26064	25281	26846	0.468401	1.774e+00	1.467e+00	1.21899
chr1	26084	25293	26875	0.475121	1.419e+00	1.250e+00	0.842746
chr1	26143	25342	26944	0.483116	1.419e+00	1.125e+00	0.771234
chr1	26209	25410	27008	0.481517	1.419e+00	1.333e+00	0.910802
chr1	26245	25466	27024	0.465602	1.064e+00	1.250e+00	0.619251
chr1	26283	25481	27084	0.483515	1.419e+00	1.250e+00	0.857636
chr1	26870	25495	28245	0.941542	1.419e+00	1.250e+00	1.67006
chr1	27024	25530	28518	1.02058	1.774e+00	1.125e+00	2.03681
chr1	27712	26250	29173	1.15104	1.774e+00	1.333e+00	2.7219
chr1	28454	26846	30062	1.26803	1.419e+00	6.500e-01	1.16957
chr1	28470	26875	30065	1.25704	1.774e+00	5.000e-01	1.115
chr1	28566	26944	30188	1.27904	2.129e+00	4.167e-01	1.1347
chr1	30387	27008	33766	2.68203	2.129e+00	4.167e-01	2.37938
chr1	30427	27024	33829	2.70103	2.129e+00	6.667e-01	3.83386
chr1	30474	27084	33863	2.69004	2.129e+00	1.333e+00	7.6342
chr1	31056	28245	33866	2.22803	1.774e+00	1.125e+00	4.4466
chr1	31481	28518	34444	2.366	1.774e+00	1.333e+00	5.59498
chr1	31850	29173	34526	2.137	1.419e+00	2.667e+00	8.08742
chr1	32827	30062	35591	2.207	1.774e+00	1.333e+00	5.21899
chr1	33487	30065	36909	2.732	2.129e+00	1.083e+00	6.29919
chr1	33596	30188	37004	2.721	2.129e+00	1.125e+00	6.51714
chr1	36661	33766	39555	2.311	1.774e+00	1.250e+00	5.12464
chr1	36725	33829	39620	2.312	1.419e+00	2.250e+00	7.38164
chr1	36958	33863	40053	2.471	1.419e+00	1.250e+00	4.38294
chr1	36964	33866	40061	2.473	1.774e+00	1.250e+00	5.48388
chr1	37256	34444	40068	2.245	2.129e+00	1.250e+00	5.97451
chr1	37311	34526	40095	2.223	2.483e+00	1.250e+00	6.89964
chr1	37847	35591	40102	1.801	2.838e+00	1.125e+00	5.75014
chr1	38647	36909	40384	1.31119	2.838e+00	1.250e+00	4.65143
chr1	38710	37004	40415	1.28576	2.483e+00	1.280e+00	4.08644
chr1	40202	39555	40849	0.440406	2.483e+00	7.200e-01	0.787341
chr1	40273	39620	40926	0.445205	2.483e+00	7.200e-01	0.795919
chr1	40521	40053	40988	0.297124	2.483e+00	1.400e+00	1.03286
chr1	40529	40061	40997	0.297524	2.129e+00	1.280e+00	0.810789
chr1	40543	40068	41018	0.303041	1.774e+00	1.280e+00	0.688121
chr1	40574	40095	41052	0.305839	1.774e+00	2.000e+00	1.08512
chr1	40596	40102	41089	0.317832	1.419e+00	2.000e+00	0.902007
chr1	40750	40384	41115	0.291401	1.064e+00	2.000e+00	0.620102
chr1	40783	40415	41151	0.2938	7.095e-01	2.000e+00	0.416902
chr1	41016	40849	41183	0.1333	7.095e-01	2.000e+00	0.189153
chr1	41072	40926	41217	0.1162	3.548e-01	2.000e+00	0.0824555
chr1	41130	40988	41271	0.113	7.095e-01	2.000e+00	0.160347
chr1	41550	40997	42103	0.4415	7.095e-01	2.000e+00	0.626489
chr1	41570	41018	42121	0.4403	7.095e-01	2.000e+00	0.624786
chr1	41806	41052	42560	0.457983	7.095e-01	2.000e+00	0.649878
chr1	41826	41089	42563	0.444392	3.548e-01	2.000e+00	0.31534
chr1	42376	41115	43637	0.862915	3.548e-01	2.000e+00	0.612324
chr1	42459	41151	43767	0.899986	3.548e-01	2.000e+00	0.63863
chr1	42532	41183	43881	0.927361	3.548e-01	2.000e+00	0.658056
chr1	42558	41217	43899	0.921307	3.548e-01	2.000e+00	0.65376
chr1	43243	41271	45214	1.42434	3.548e-01	2.000e+00	1.01071
chr1	43672	42103	45240	1.10238	3.548e-11	2.000e+00	7.82251e-11
chr1	44051	42121	45981	1.2704	3.548e-11	2.000e+00	9.01474e-11
chr1	44277	42560	45994	1.24448	3.548e-01	2.000e+00	0.883081
chr1	44970	42563	47377	1.78069	7.095e-01	2.000e+00	2.5268
chr1	45566	43637	47494	1.39869	7.095e-01	2.000e+00	1.98475
chr1	47032	43767	50296	2.46473	7.095e-01	2.000e+00	3.49745
chr1	47095	43881	50309	2.4303	1.064e+00	2.000e+00	5.17167
chr1	47107	43899	50315	2.42531	1.419e+00	2.000e+00	6.88302
chr1	47771	45214	50328	1.90627	1.419e+00	2.000e+00	5.40998
chr1	47837	45240	50433	1.9369	1.774e+00	2.250e+00	7.73114
chr1	48208	45981	50434	1.76283	1.774e+00	2.250e+00	7.03634
chr1	48232	45994	50469	1.77084	1.774e+00	2.250e+00	7.0683
chr1	49551	47377	51725	1.7356	1.419e+00	1.280e+00	3.15241
chr1	49622	47494	51749	1.6982	1.064e+00	1.280e+00	2.31281
chr1	51309	50296	52322	0.640017	1.419e+00	2.250e+00	2.04342
chr1	51334	50309	52358	0.649213	1.774e+00	2.250e+00	2.59133
chr1	51341	50315	52366	0.650012	1.419e+00	2.250e+00	2.07533
chr1	51827	50328	53326	0.663758	1.064e+00	2.000e+00	1.41248
chr1	52138	50433	53843	0.826336	1.064e+00	2.000e+00	1.75844
chr1	55125	50434	59815	0.873381	7.095e-01	2.000e+00	1.23933
chr1	55197	50469	59925	0.902934	7.095e-01	2.000e+00	1.28126
chr1	55915	51725	60104	0.47301	1.064e+00	2.000e+00	1.00657
chr1	56803	51749	61856	0.539304	1.064e+00	2.000e+00	1.14764
chr1	57097	52322	61872	0.484931	1.064e+00	2.000e+00	1.03193
chr1	57121	52358	61884	0.475425	7.095e-01	2.000e+00	0.674628
chr1	57219	52366	62071	0.546814	3.548e-01	2.000e+00	0.388019
chr1	57703	53326	62080	0.531735	3.548e-01	2.000e+00	0.377319
chr1	58111	53843	62378	0.366005	3.548e-01	2.000e+00	0.259717
chr1	61111	59815	62406	0.329907	3.548e-01	2.000e+00	0.234102
chr1	61307	59925	62689	0.399314	3.548e-01	2.000e+00	0.283353
chr1	61397	60104	62690	0.328309	3.548e-01	2.000e+00	0.232968
chr1	62280	61856	62703	0.257961	3.548e-01	2.000e+00	0.183049
chr1	62535	61872	63197	0.269635	3.548e-01	2.000e+00	0.191333
chr1	62705	61884	63525	0.394975	3.548e-01	2.000e+00	0.280274
chr1	62829	62071	63587	0.345088	3.548e-01	2.000e+00	0.244874
chr1	62962	62080	63844	0.444065	7.095e-01	2.000e+00	0.630128
chr1	63424	62378	64469	0.458048	7.095e-01	2.000e+00	0.64997
chr1	63994	62406	65582	0.552779	1.064e+00	2.000e+00	1.17631
chr1	64263	62689	65836	0.541022	1.419e+00	2.000e+00	1.53542
chr1	64293	62690	65895	0.5641	1.419e+00	2.000e+00	1.60092
chr1	64494	62703	66284	0.645536	1.419e+00	2.000e+00	1.83203
chr1	64741	63197	66285	0.627876	1.064e+00	2.000e+00	1.33612
chr1	64973	63525	66420	0.551655	1.064e+00	2.000e+00	1.17392
chr1	66908	63587	70229	0.738273	1.419e+00	2.000e+00	2.09522
chr1	67054	63844	70263	0.649279	1.419e+00	2.000e+00	1.84266
chr1	67377	64469	70285	0.605548	1.419e+00	2.000e+00	1.71855
chr1	67945	65582	70308	0.508975	1.774e+00	2.250e+00	2.03157
chr1	68087	65836	70337	0.419114	1.419e+00	2.250e+00	1.33813
chr1	68129	65895	70362	0.405445	1.064e+00	1.280e+00	0.552184
chr1	68324	66284	70363	0.319615	1.064e+00	1.280e+00	0.43529
chr1	69093	66285	71900	0.932969	1.419e+00	1.280e+00	1.69457
chr1	69437	66420	72453	0.984111	1.774e+00	2.250e+00	3.92808
chr1	71344	70229	72459	0.774885	1.774e+00	2.250e+00	3.09295
chr1	71665	70263	73067	1.00371	1.419e+00	2.000e+00	2.84853
chr1	71682	70285	73079	0.99971	1.774e+00	2.250e+00	3.99034
chr1	71712	70308	73116	1.00567	1.419e+00	1.280e+00	1.82661
chr1	71785	70337	73232	1.04064	1.064e+00	1.280e+00	1.41727
chr1	71980	70362	73598	1.17665	1.064e+00	1.280e+00	1.6025
chr1	71994	70363	73624	1.18665	1.064e+00	1.280e+00	1.61612
chr1	72763	71900	73626	0.573701	1.064e+00	2.250e+00	1.37344
chr1	73164	72453	73874	0.492298	1.064e+00	1.280e+00	0.670471
chr1	73200	72459	73941	0.516603	1.064e+00	1.280e+00	0.703572
chr1	73551	73067	74035	0.311034	1.064e+00	1.280e+00	0.423604
chr1	73563	73079	74046	0.310634	1.419e+00	1.280e+00	0.564211
chr1	73585	73116	74054	0.299121	1.064e+00	2.000e+00	0.63653
chr1	73899	73232	74565	0.456713	1.064e+00	2.000e+00	0.971884
chr1	74084	73598	74569	0.312233	1.064e+00	2.000e+00	0.664433
chr1	74105	73624	74586	0.307439	1.064e+00	2.000e+00	0.654231
chr1	75082	73626	76537	0.35275	1.419e+00	2.000e+00	1.0011
chr1	75217	73874	76560	0.337917	1.774e+00	2.000e+00	1.19893
chr1	75266	73941	76590	0.321488	1.774e+00	2.250e+00	1.28322
chr1	75664	74035	77292	0.313628	1.774e+00	2.667e+00	1.48385
chr1	75855	74046	77664	0.381449	1.774e+00	2.667e+00	1.80473
chr1	75930	74054	77805	0.424921	1.419e+00	1.400e+00	0.844149
chr1	76355	74565	78144	0.356452	1.419e+00	7.200e-01	0.36418
chr1	77102	74569	79635	0.376307	1.774e+00	1.400e+00	0.934595
chr1	77164	74586	79742	0.411839	2.129e+00	2.667e+00	2.33844
chr1	78217	76537	79896	0.427444	2.129e+00	2.667e+00	2.42704
chr1	78239	76560	79918	0.427172	1.774e+00	2.250e+00	1.70506
chr1	78291	76590	79991	0.445881	1.419e+00	2.000e+00	1.26541
chr1	78776	77292	80259	0.427245	1.064e+00	2.000e+00	0.909178
chr1	78992	77664	80320	0.379398	7.095e-01	2.000e+00	0.538366
chr1	79068	77805	80331	0.337064	7.095e-01	2.000e+00	0.478293
chr1	79506	78144	80867	0.415805	1.064e+00	2.000e+00	0.884834
chr1	80643	79635	81651	0.707043	1.064e+00	2.000e+00	1.50459
chr1	80739	79742	81735	0.699442	7.095e-01	2.000e+00	0.992508
chr1	80933	79896	81970	0.700224	3.548e-01	2.000e+00	0.496879
chr1	81000	79918	82082	0.73621	3.548e-01	2.000e+00	0.522415
chr1	81081	79991	82171	0.742608	3.548e-01	2.000e+00	0.526955
chr1	81229	80259	82198	0.742577	7.095e-01	2.000e+00	1.05372
chr1	81572	80320	82823	0.967676	7.095e-01	2.000e+00	1.37313
chr1	81794	80331	83256	1.13646	1.064e+00	2.000e+00	2.4184
chr1	82297	80867	83727	1.11047	1.419e+00	2.250e+00	3.54544
chr1	82937	81651	84223	0.995468	1.419e+00	2.667e+00	3.76732
chr1	84126	81735	86517	1.80283	1.774e+00	1.250e+00	3.99778
chr1	84566	81970	87161	1.89321	1.774e+00	1.250e+00	4.1982
chr1	84688	82082	87294	1.86104	1.774e+00	1.250e+00	4.12686
chr1	84755	82171	87339	1.8395	2.129e+00	1.250e+00	4.89536
chr1	84779	82198	87359	1.83652	2.129e+00	2.667e+00	10.4278
chr1	85482	82823	88140	1.67668	1.774e+00	2.250e+00	6.69248
chr1	86245	83256	89234	1.59107	2.129e+00	1.400e+00	4.74233
chr1	87000	83727	90272	1.5472	2.129e+00	2.250e+00	7.41149
chr1	88739	84223	93255	1.67027	1.774e+00	1.280e+00	3.7927
chr1	90096	86517	93674	0.893661	1.419e+00	1.280e+00	1.62317
chr1	90430	87161	93699	0.750789	1.064e+00	1.280e+00	1.02251
chr1	90522	87294	93749	0.758411	1.064e+00	1.280e+00	1.03289
chr1	90551	87339	93762	0.749164	1.064e+00	2.000e+00	1.59422
chr1	90915	87359	94471	0.779099	7.095e-01	2.000e+00	1.10554
chr1	91316	88140	94491	0.698003	7.095e-01	2.000e+00	0.990466
chr1	92199	89234	95164	0.656103	7.095e-01	2.000e+00	0.93101
chr1	92732	90272	95192	0.523627	3.548e-01	2.000e+00	0.371566
chr1	94225	93255	95195	0.2039	3.548e-01	2.000e+00	0.144687
chr1	94447	93674	95220	0.149213	7.095e-01	2.000e+00	0.211734
chr1	97318	93699	100936	1.26888	7.095e-01	2.000e+00	1.80054
chr1	97623	93749	101496	1.38403	7.095e-01	2.000e+00	1.96393
chr1	97924	93762	102085	1.61399	7.095e-01	2.000e+00	2.29026
chr1	99965	94471	105458	2.92227	7.095e-01	2.000e+00	4.1467
chr1	100518	94491	106545	3.34824	7.095e-01	2.000e+00	4.75116
chr1	101312	95164	107459	3.66703	7.095e-01	2.000e+00	5.20352
chr1	101513	95192	107834	3.80591	7.095e-01	2.000e+00	5.40058
chr1	101548	95195	107901	3.83104	1.064e+00	2.000e+00	8.15246
chr1	101720	95220	108219	3.94803	7.095e-01	2.000e+00	5.60226
chr1	104752	100936	108567	2.957	7.095e-01	2.000e+00	4.19598
chr1	105127	101496	108757	2.899	1.064e+00	2.250e+00	6.94021
chr1	105451	102085	108816	2.687	1.064e+00	2.250e+00	6.43268
chr1	107172	105458	108886	1.368	1.419e+00	1.400e+00	2.71767
chr1	107729	106545	108912	0.9449	1.419e+00	1.400e+00	1.87714
chr1	108397	107459	109335	0.7489	1.774e+00	6.500e-01	0.863557
chr1	108591	107834	109347	0.604	1.774e+00	1.312e+00	1.4058
chr1	108666	107901	109430	0.6104	2.129e+00	5.000e-01	0.649771
chr1	108855	108219	109490	0.5074	1.774e+00	6.500e-01	0.585083
chr1	109118	108567	109669	0.4399	2.129e+00	5.000e-01	0.468274
chr1	109221	108757	109684	0.3701	2.129e+00	1.312e+00	1.03378
chr1	109280	108816	109744	0.3705	1.774e+00	2.500e+00	1.64317
chr1	109321	108886	109755	0.3469	1.774e+00	1.400e+00	0.861561
chr1	110705	108912	112498	0.848341	1.774e+00	1.280e+00	1.92635
chr1	114079	109335	118823	1.04231	1.774e+00	2.250e+00	4.16038
chr1	114332	109347	119317	1.15396	1.774e+00	2.250e+00	4.60605
chr1	114393	109430	119355	1.13599	1.774e+00	2.250e+00	4.53431
chr1	115259	109490	121028	1.77989	1.419e+00	2.000e+00	5.05133
chr1	116011	109669	122352	2.23332	1.419e+00	2.000e+00	6.33817
chr1	116133	109684	122581	2.31901	1.064e+00	2.000e+00	4.93485
chr1	116265	109744	122786	2.37649	1.064e+00	2.000e+00	5.05716
chr1	116551	109755	123346	2.45871	1.419e+00	2.000e+00	6.97781
chr1	118642	112498	124785	2.52156	1.419e+00	2.000e+00	7.15618
chr1	121832	118823	124841	2.18052	1.419e+00	2.000e+00	6.18831
chr1	122127	119317	124937	2.10308	1.419e+00	2.000e+00	5.96853
chr1	122157	119355	124958	2.09609	1.064e+00	2.000e+00	4.46048
chr1	123106	121028	125184	1.51812	1.064e+00	2.000e+00	3.23057
chr1	123920	122352	125487	1.07747	1.064e+00	2.000e+00	2.29286
chr1	124066	122581	125550	1.01144	1.419e+00	1.280e+00	1.8371
chr1	124178	122786	125570	0.937469	1.774e+00	1.280e+00	2.12873
chr1	124913	123346	126480	1.15523	1.774e+00	1.280e+00	2.6232
chr1	126069	124785	127352	0.897274	1.774e+00	1.280e+00	2.03746
chr1	126145	124841	127449	0.913319	1.774e+00	1.280e+00	2.07389
chr1	126257	124937	127576	0.925364	1.419e+00	2.000e+00	2.62618
chr1	126301	124958	127644	0.944333	1.774e+00	1.280e+00	2.14432
chr1	126564	125184	127943	0.914708	1.774e+00	1.280e+00	2.07704
chr1	126850	125487	128213	0.937986	1.774e+00	1.280e+00	2.1299
chr1	126882	125550	128214	0.913023	1.774e+00	1.280e+00	2.07322
chr1	126907	125570	128243	0.916966	1.774e+00	1.280e+00	2.08217
chr1	127387	126480	128294	0.633625	1.419e+00	2.000e+00	1.79823
chr1	127896	127352	128439	0.375276	1.064e+00	2.000e+00	0.798587
chr1	127990	127449	128531	0.373276	7.095e-01	2.000e+00	0.529679
chr1	128060	127576	128544	0.327782	7.095e-01	2.000e+00	0.465123
chr1	128316	127644	128988	0.477864	7.095e-01	2.000e+00	0.678089
chr1	128815	127943	129686	0.692608	3.548e-01	2.000e+00	0.491475
chr1	129099	128213	129985	0.688648	3.548e-01	2.000e+00	0.488664
chr1	129240	128214	130266	0.792066	3.548e-01	2.000e+00	0.56205
chr1	129494	128243	130744	0.789303	3.548e-01	2.000e+00	0.560089
chr1	129521	128294	130747	0.770112	3.548e-11	2.000e+00	5.46472e-11
chr1	129624	128439	130809	0.737008	3.548e-01	2.000e+00	0.522981
chr1	132262	128531	135992	0.929079	3.548e-01	2.000e+00	0.659274
chr1	132461	128544	136378	1.07799	3.548e-01	2.000e+00	0.764939
chr1	132711	128988	136434	0.923088	3.548e-01	2.000e+00	0.655023
chr1	133232	129686	136777	0.782397	3.548e-01	2.000e+00	0.555189
chr1	133452	129985	136919	0.735206	7.095e-01	2.000e+00	1.04326
chr1	133723	130266	137180	0.735601	1.064e+00	2.000e+00	1.56536
chr1	133964	130744	137184	0.72847	1.064e+00	2.000e+00	1.55018
chr1	134186	130747	137625	0.903358	1.419e+00	2.000e+00	2.56373
chr1	134240	130809	137670	0.896502	1.774e+00	2.000e+00	3.18079
chr1	137664	135992	139335	0.891863	1.419e+00	2.000e+00	2.53111
chr1	138046	136378	139713	0.888131	1.419e+00	2.000e+00	2.52052
chr1	139631	136434	142828	1.01801	1.419e+00	2.000e+00	2.8891
chr1	140215	136777	143652	0.967297	1.774e+00	2.000e+00	3.43197
chr1	140417	136919	143914	1.01487	1.774e+00	2.000e+00	3.60077
chr1	140946	137180	144712	1.22947	1.419e+00	2.000e+00	3.48922
chr1	141181	137184	145178	1.4137	1.064e+00	2.000e+00	3.00835
chr1	142171	137625	146717	1.72258	1.064e+00	2.000e+00	3.66566
chr1	142197	137670	146724	1.70702	7.095e-01	2.000e+00	2.42226
chr1	143031	139335	146727	1.48448	3.548e-01	2.000e+00	1.05339
chr1	143229	139713	146745	1.34064	3.548e-01	2.000e+00	0.951317
chr1	144794	142828	146759	1.19391	3.548e-01	2.000e+00	0.847197
chr1	145208	143652	146764	1.11233	3.548e-01	2.000e+00	0.789312
chr1	145341	143914	146768	1.00934	3.548e-01	2.000e+00	0.716229
chr1	145858	144712	147003	0.701114	3.548e-01	2.000e+00	0.49751
chr1	146099	145178	147019	0.521452	3.548e-01	1.280e+00	0.236814
chr1	146900	146717	147082	0.0621016	3.548e-01	1.280e+00	0.0282031
chr1	146907	146724	147090	0.0625005	7.095e-01	1.280e+00	0.0567605
chr1	146930	146727	147133	0.0784612	7.095e-01	2.000e+00	0.111336
chr1	146948	146745	147151	0.0784612	7.095e-01	2.000e+00	0.111336
chr1	146962	146759	147165	0.0784612	7.095e-01	2.000e+00	0.111336
chr1	147004	146764	147243	0.10755	7.095e-01	2.000e+00	0.152613
chr1	147009	146768	147249	0.108349	7.095e-01	2.000e+00	0.153747
chr1	147361	147003	147719	0.221226	3.548e-01	2.000e+00	0.156982
chr1	147371	147019	147722	0.21603	7.095e-01	2.000e+00	0.306547
chr1	148626	147082	150170	0.454242	7.095e-01	2.000e+00	0.64457
chr1	148830	147090	150569	0.456614	7.095e-01	2.000e+00	0.647935
chr1	149143	147133	151152	0.663545	7.095e-01	2.000e+00	0.941571
chr1	150499	147151	153846	0.795194	7.095e-01	2.000e+00	1.12838
chr1	150885	147165	154604	0.976028	1.064e+00	2.000e+00	2.07699
chr1	150982	147243	154721	0.991408	1.064e+00	2.000e+00	2.10972
chr1	151477	147249	155704	1.02136	1.064e+00	2.000e+00	2.17346
chr1	151719	147719	155718	0.904018	1.419e+00	2.000e+00	2.5656
chr1	151721	147722	155719	0.903163	1.419e+00	2.000e+00	2.56318
chr1	153174	150170	156177	0.747978	1.064e+00	2.000e+00	1.5917
chr1	153657	150569	156744	0.803839	1.064e+00	2.000e+00	1.71057
chr1	153971	151152	156789	0.597419	1.064e+00	2.000e+00	1.27131
chr1	155318	153846	156790	0.459228	7.095e-01	2.250e+00	0.733099
chr1	156195	154604	157786	0.335954	1.064e+00	1.400e+00	0.500436
chr1	157537	154721	160353	0.735898	7.095e-01	1.400e+00	0.730967
chr1	158824	155704	161944	0.723631	7.095e-01	1.400e+00	0.718783
chr1	158833	155718	161947	0.719354	7.095e-01	7.200e-01	0.367475
chr1	158847	155719	161975	0.729905	3.548e-01	2.250e+00	0.582683
chr1	159251	156177	162324	0.760788	3.548e-01	2.250e+00	0.607337
chr1	159549	156744	162353	0.710813	3.548e-01	2.250e+00	0.567442
chr1	162452	156789	168114	2.99258	7.095e-01	2.250e+00	4.77728
chr1	162459	156790	168128	2.99764	1.064e+00	2.000e+00	6.37898
chr1	163490	157786	169194	3.16333	1.419e+00	2.000e+00	8.97754
chr1	164849	160353	169345	2.77723	1.419e+00	2.000e+00	7.88178
chr1	165970	161944	169996	3.01644	1.419e+00	2.000e+00	8.56066
chr1	165973	161947	169998	3.01642	1.419e+00	2.000e+00	8.56059
chr1	165988	161975	170000	3.00639	1.774e+00	2.000e+00	10.6667
chr1	166166	162324	170008	2.87025	1.774e+00	2.000e+00	10.1836
chr1	166540	162353	170727	3.03644	2.129e+00	2.000e+00	12.9292
chr1	169433	168114	170752	0.746557	2.129e+00	2.000e+00	3.17884
chr1	169878	168128	171628	1.09055	1.774e+00	2.000e+00	3.86926
chr1	170413	169194	171631	0.863159	1.419e+00	2.000e+00	2.44965
chr1	171006	169345	172666	1.21623	1.064e+00	2.000e+00	2.58814
chr1	171459	169996	172922	1.03033	7.095e-01	2.250e+00	1.64479
chr1	171764	169998	173529	1.27227	7.095e-01	2.667e+00	2.40744
chr1	171874	170000	173747	1.34073	1.064e+00	2.667e+00	3.80458
chr1	171894	170008	173780	1.35073	1.064e+00	2.667e+00	3.83295
chr1	172263	170727	173799	1.18052	1.064e+00	1.250e+00	1.57009
chr1	172290	170752	173828	1.1825	1.064e+00	1.312e+00	1.65074
chr1	179635	171628	187641	0.867355	1.064e+00	2.917e+00	2.692
chr1	179646	171631	187661	0.874169	1.064e+00	1.600e+00	1.48819
chr1	180301	172666	187936	0.570839	1.064e+00	1.600e+00	0.971796
chr1	180599	172922	188275	0.631901	1.064e+00	1.400e+00	0.94128
chr1	180940	173529	188351	0.419934	1.064e+00	2.250e+00	1.00532
chr1	181106	173747	188465	0.395951	1.064e+00	2.250e+00	0.947906
chr1	181221	173780	188662	0.461452	7.095e-01	2.000e+00	0.654801
chr1	181699	173799	189599	0.827841	3.548e-01	2.000e+00	0.587436
chr1	181714	173828	189600	0.816688	7.095e-01	2.000e+00	1.15888
chr1	188627	187641	189612	0.7868	3.548e-01	2.000e+00	0.558313
chr1	188667	187661	189672	0.8028	7.095e-01	2.000e+00	1.13917
chr1	188809	187936	189681	0.6966	1.064e+00	2.000e+00	1.48236
chr1	188995	188275	189714	0.5745	1.419e+00	2.000e+00	1.63043
chr1	189033	188351	189715	0.5445	1.419e+00	2.000e+00	1.54529
chr1	189094	188465	189723	0.5022	1.774e+00	2.000e+00	1.78181
chr1	189202	188662	189742	0.4311	2.129e+00	2.000e+00	1.83562
chr1	189694	189599	189788	0.07545	2.129e+00	2.000e+00	0.321266
chr1	190590	189600	191579	0.79	2.129e+00	2.000e+00	3.36382
chr1	190611	189612	191609	0.7972	1.774e+00	2.000e+00	2.82847
chr1	190890	189672	192107	0.9721	1.774e+00	2.000e+00	3.44901
chr1	190920	189681	192158	0.9888	1.419e+00	2.000e+00	2.80621
chr1	190951	189714	192187	0.9872	1.064e+00	2.000e+00	2.10076
chr1	190978	189715	192240	1.008	7.095e-01	2.000e+00	1.43035
chr1	190986	189723	192248	1.008	1.064e+00	2.000e+00	2.14502
chr1	191001	189742	192259	1.005	7.095e-01	2.000e+00	1.42609
chr1	193070	189788	196351	2.62	7.095e-01	2.000e+00	3.71778
chr1	193972	191579	196365	1.911	1.064e+00	2.000e+00	4.06661
chr1	194000	191609	196390	1.909	1.064e+00	2.000e+00	4.06235
chr1	194274	192107	196440	1.73	1.064e+00	2.000e+00	3.68144
chr1	194300	192158	196441	1.71	1.064e+00	2.000e+00	3.63888
chr1	194356	192187	196524	1.731	1.064e+00	2.000e+00	3.68357
chr1	194387	192240	196534	1.714	1.064e+00	2.000e+00	3.64739
chr1	194414	192248	196580	1.729	1.064e+00	2.000e+00	3.67931
chr1	195442	192259	198624	2.37615	7.095e-01	2.000e+00	3.37176
chr1	197498	196351	198645	0.750996	7.095e-01	2.000e+00	1.06566
chr1	197512	196365	198658	0.750596	7.095e-01	1.280e+00	0.681661
chr1	197539	196390	198688	0.752595	7.095e-01	2.000e+00	1.06793
chr1	197571	196440	198701	0.737802	7.095e-01	2.000e+00	1.04694
chr1	197589	196441	198736	0.751396	7.095e-01	2.000e+00	1.06623
chr1	198047	196524	199569	0.969686	7.095e-01	2.000e+00	1.37598
chr1	198054	196534	199573	0.966809	1.064e+00	2.250e+00	2.31454
chr1	198103	196580	199626	0.969767	1.064e+00	1.280e+00	1.32075
chr1	199130	198624	199636	0.322642	1.064e+00	1.400e+00	0.480607
chr1	199163	198645	199681	0.332236	1.064e+00	1.400e+00	0.494899
chr1	202126	198658	205594	2.45286	1.064e+00	1.400e+00	3.65378
chr1	202634	198688	206580	2.56974	1.064e+00	2.500e+00	6.83552
chr1	203097	198701	207492	2.60341	1.064e+00	1.280e+00	3.54564
chr1	203116	198736	207496	2.59132	1.064e+00	2.250e+00	6.20361
chr1	203560	199569	207551	2.36186	1.064e+00	2.250e+00	5.6543
chr1	203566	199573	207558	2.36365	1.064e+00	2.250e+00	5.65859
chr1	203596	199626	207565	2.34482	7.095e-01	2.250e+00	3.74321
chr1	204178	199636	208719	2.44967	7.095e-01	2.000e+00	3.47608
chr1	204511	199681	209341	2.44867	7.095e-01	2.000e+00	3.47466
chr1	207471	205594	209347	0.325617	1.064e+00	2.000e+00	0.692914
chr1	207976	206580	209371	0.206681	1.419e+00	2.000e+00	0.586559
chr1	208436	207492	209380	0.17077	1.419e+00	2.250e+00	0.545224
chr1	208440	207496	209384	0.17077	1.064e+00	2.250e+00	0.408822
chr1	208495	207551	209438	0.17037	1.419e+00	2.250e+00	0.54395
chr1	208834	207558	210109	0.202643	1.419e+00	2.250e+00	0.646987
chr1	208849	207565	210133	0.209469	1.774e+00	1.400e+00	0.520236
chr1	209544	208719	210368	0.194298	1.774e+00	2.500e+00	0.861713
chr1	210009	209341	210677	0.236535	2.129e+00	2.500e+00	1.25896
chr1	210028	209347	210708	0.245722	2.483e+00	1.400e+00	0.854177
chr1	210294	209371	211216	0.297233	2.129e+00	1.400e+00	0.885933
chr1	210303	209380	211225	0.297233	1.774e+00	2.250e+00	1.18641
chr1	210312	209384	211239	0.301227	1.419e+00	2.250e+00	0.961743
chr1	211071	209438	212704	0.755578	1.774e+00	2.250e+00	3.01589
chr1	211415	210109	212720	0.726448	1.419e+00	2.000e+00	2.06166
chr1	211477	210133	212820	0.748465	1.419e+00	2.000e+00	2.12414
chr1	211852	210368	213335	0.860075	1.064e+00	2.000e+00	1.83024
chr1	212242	210677	213806	0.827612	1.064e+00	2.000e+00	1.76116
chr1	212258	210708	213808	0.817216	7.095e-01	2.000e+00	1.15963
chr1	212523	211216	213830	0.764935	3.548e-01	2.000e+00	0.542798
chr1	212563	211225	213901	0.789131	3.548e-01	2.000e+00	0.559967
chr1	212635	211239	214030	0.835101	3.548e-01	2.000e+00	0.592588
chr1	213387	212704	214070	0.375367	3.548e-01	2.000e+00	0.266361
chr1	213432	212720	214143	0.398149	3.548e-01	2.000e+00	0.282526
chr1	213598	212820	214376	0.414133	3.548e-01	2.000e+00	0.293869
chr1	214226	213335	215117	0.503925	7.095e-01	2.000e+00	0.71507
chr1	214472	213806	215137	0.485031	7.095e-01	2.000e+00	0.688258
chr1	214596	213808	215384	0.582825	1.064e+00	2.000e+00	1.24025
chr1	214721	213830	215612	0.665117	1.419e+00	2.000e+00	1.8876
chr1	214760	213901	215618	0.639122	1.774e+00	2.000e+00	2.2676
chr1	215651	214030	217271	0.768737	1.774e+00	2.000e+00	2.72748
chr1	216184	214070	218298	0.851783	2.129e+00	2.000e+00	3.62689
chr1	216222	214143	218300	0.823116	2.483e+00	1.280e+00	2.61606
chr1	216345	214376	218313	0.781609	2.483e+00	1.280e+00	2.48414
chr1	216718	215117	218318	0.488131	2.483e+00	1.280e+00	1.5514
chr1	216728	215137	218319	0.48039	2.483e+00	1.280e+00	1.52679
chr1	216867	215384	218350	0.394268	2.483e+00	1.280e+00	1.25308
chr1	217300	215612	218987	0.468418	2.483e+00	2.000e+00	2.32616
chr1	217312	215618	219006	0.473539	2.129e+00	2.000e+00	2.01633
chr1	218310	217271	219349	0.302035	1.774e+00	2.000e+00	1.07162
chr1	218898	218298	219497	0.255652	2.129e+00	2.000e+00	1.08857
chr1	219333	218300	220365	0.387061	1.774e+00	2.000e+00	1.37329
chr1	221267	218313	224221	0.431376	1.774e+00	2.000e+00	1.53052
chr1	221606	218318	224894	0.542402	1.774e+00	2.000e+00	1.92444
chr1	222107	218319	225894	0.560414	1.774e+00	2.000e+00	1.98835
chr1	222152	218350	225954	0.572069	1.774e+00	2.000e+00	2.0297
chr1	222490	218987	225992	0.421834	2.129e+00	2.000e+00	1.79617
chr1	222526	219006	226045	0.43547	1.774e+00	2.000e+00	1.54505
chr1	223138	219349	226926	0.461055	1.774e+00	2.000e+00	1.63582
chr1	223259	219497	227020	0.44582	1.774e+00	2.000e+00	1.58177
chr1	223696	220365	227026	0.31611	1.419e+00	2.000e+00	0.897122
chr1	225845	224221	227469	0.321755	1.419e+00	2.000e+00	0.913141
chr1	226758	224894	228622	0.290497	1.064e+00	2.000e+00	0.618178
chr1	227494	225894	229094	0.460374	1.064e+00	1.280e+00	0.626993
chr1	228043	225954	230131	0.453657	1.419e+00	1.280e+00	0.823986
chr1	228290	225992	230587	0.528732	1.064e+00	1.280e+00	0.72009
chr1	228389	226045	230733	0.565809	7.095e-01	2.000e+00	0.802883
chr1	229998	226926	233069	0.844471	7.095e-01	2.000e+00	1.1983
chr1	230057	227020	233093	0.816514	7.095e-01	2.000e+00	1.15863
chr1	230064	227026	233102	0.817982	7.095e-01	2.000e+00	1.16072
chr1	230287	227469	233105	0.76397	7.095e-01	2.250e+00	1.21958
chr1	230991	228622	233360	0.783694	1.064e+00	2.250e+00	1.87616
chr1	231298	229094	233501	0.64486	1.064e+00	2.250e+00	1.5438
chr1	231825	230131	233519	0.63471	1.064e+00	2.250e+00	1.5195
chr1	232056	230587	233525	0.547187	1.064e+00	1.400e+00	0.81509
chr1	232256	230733	233778	0.58764	1.064e+00	2.500e+00	1.56312
chr1	233634	233069	234198	0.441526	1.419e+00	2.500e+00	1.56632
chr1	234560	233093	236026	0.487717	1.419e+00	2.500e+00	1.73018
chr1	234622	233102	236142	0.526559	1.419e+00	1.400e+00	1.04606
chr1	234627	233105	236148	0.527671	1.419e+00	2.250e+00	1.68472
chr1	234826	233360	236291	0.482844	1.419e+00	2.250e+00	1.5416
chr1	234937	233501	236373	0.466306	1.419e+00	2.250e+00	1.4888
chr1	234961	233519	236402	0.470537	1.774e+00	2.250e+00	1.87815
chr1	235001	233525	236477	0.497848	1.774e+00	2.000e+00	1.76636
chr1	235221	233778	236664	0.47325	1.419e+00	2.000e+00	1.34308
chr1	235469	234198	236740	0.336072	1.774e+00	1.280e+00	0.763124
chr1	236391	236026	236755	0.286216	1.419e+00	2.000e+00	0.812282
chr1	237443	236142	238744	0.330899	1.419e+00	2.000e+00	0.939092
chr1	237501	236148	238854	0.372235	1.419e+00	2.000e+00	1.0564
chr1	237597	236291	238902	0.334302	1.419e+00	1.280e+00	0.607199
chr1	237739	236373	239105	0.382828	1.774e+00	2.000e+00	1.35827
chr1	238624	236402	240845	0.456274	1.419e+00	2.000e+00	1.29491
chr1	238695	236477	240913	0.452629	1.064e+00	2.000e+00	0.963194
chr1	239164	236664	241663	0.46387	7.095e-01	2.250e+00	0.740511
chr1	239202	236740	241664	0.433917	7.095e-01	1.280e+00	0.394066
chr1	239230	236755	241704	0.443901	7.095e-01	1.280e+00	0.403134
chr1	240372	238744	242000	0.475376	7.095e-01	7.200e-01	0.242841
chr1	241535	238854	244216	0.746536	1.064e+00	7.200e-01	0.571906
chr1	241576	238902	244250	0.740804	1.064e+00	2.250e+00	1.77348
chr1	241768	239105	244431	0.731947	1.064e+00	2.000e+00	1.55758
chr1	242644	240845	244442	0.651349	7.095e-01	2.000e+00	0.924264
chr1	242857	240913	244800	0.768016	1.064e+00	2.000e+00	1.63434
chr1	243433	241663	245202	0.830636	1.064e+00	2.000e+00	1.76759
chr1	243504	241664	245343	0.883396	1.419e+00	2.000e+00	2.50708
chr1	244228	241704	246751	1.31845	1.774e+00	2.250e+00	5.2626
chr1	244384	242000	246767	1.20654	1.419e+00	2.250e+00	3.85217
chr1	245509	244216	246802	0.905144	1.419e+00	1.280e+00	1.64403
chr1	245540	244250	246830	0.903096	1.419e+00	1.280e+00	1.64031
chr1	245643	244431	246855	0.840802	1.419e+00	1.280e+00	1.52716
chr1	246120	244442	247797	1.05532	1.419e+00	2.250e+00	3.36937
chr1	246299	244800	247798	0.913216	1.774e+00	2.250e+00	3.6451
chr1	246515	245202	247827	0.777021	1.419e+00	2.000e+00	2.20518
chr1	246627	245343	247911	0.757279	1.419e+00	2.000e+00	2.14916
chr1	248143	246751	249535	0.954223	1.064e+00	2.000e+00	2.03059
chr1	248936	246767	251105	1.57513	7.095e-01	2.000e+00	2.2351
chr1	249607	246802	252411	2.08215	7.095e-01	2.000e+00	2.95457
chr1	249623	246830	252415	2.07311	7.095e-01	2.000e+00	2.94174
chr1	249662	246855	252469	2.08415	3.548e-01	2.000e+00	1.47891
chr1	250176	247797	252555	1.899	3.548e-01	2.000e+00	1.34753
chr1	250826	247798	253854	2.26271	7.095e-01	2.000e+00	3.21078
chr1	250855	247827	253882	2.26175	3.548e-01	2.000e+00	1.60494
chr1	250900	247911	253889	2.23076	3.548e-01	2.000e+00	1.58295
chr1	251748	249535	253961	1.61094	3.548e-01	2.000e+00	1.14312
chr1	252537	251105	253968	0.986157	7.095e-01	2.000e+00	1.39936
chr1	253288	252411	254164	0.537817	7.095e-01	2.000e+00	0.763162
chr1	253313	252415	254211	0.555007	7.095e-01	2.000e+00	0.787554
chr1	253692	252469	254915	0.669953	7.095e-01	2.000e+00	0.950664
chr1	253736	252555	254916	0.636048	7.095e-01	2.000e+00	0.902552
chr1	254413	253854	254971	0.294741	7.095e-01	2.000e+00	0.418237
chr1	254432	253882	254981	0.287548	3.548e-01	2.000e+00	0.204044
chr1	254441	253889	254992	0.289146	3.548e-01	2.000e+00	0.205178
chr1	254493	253961	255025	0.274425	7.095e-01	2.000e+00	0.389409
chr1	255038	253968	256107	0.682322	1.064e+00	2.000e+00	1.45198
chr1	255210	254164	256256	0.668718	7.095e-01	1.280e+00	0.607303
chr1	255284	254211	256357	0.690308	7.095e-01	1.280e+00	0.62691
chr1	255643	254915	256370	0.55886	7.095e-01	1.400e+00	0.555116
chr1	255648	254916	256379	0.56206	7.095e-01	2.250e+00	0.897259
chr1	255709	254971	256447	0.56726	7.095e-01	2.250e+00	0.905559
chr1	255785	254981	256588	0.619558	1.064e+00	2.250e+00	1.48322
chr1	255813	254992	256633	0.633157	1.064e+00	1.400e+00	0.943151
chr1	255839	255025	256652	0.627557	1.064e+00	2.917e+00	1.94774
chr1	256471	256107	256834	0.2902	7.095e-01	2.917e+00	0.600601
chr1	256671	256256	257086	0.3313	3.548e-01	1.312e+00	0.154219
chr1	257513	256357	258669	0.923	3.548e-01	1.312e+00	0.429654
chr1	257523	256370	258675	0.9202	3.548e-01	6.500e-01	0.212217
chr1	257530	256379	258681	0.919	3.548e-01	2.667e+00	0.869605
chr1	257571	256447	258694	0.897	3.548e-01	2.667e+00	0.848788
chr1	257667	256588	258746	0.860303	3.548e-01	2.250e+00	0.68678
chr1	257691	256633	258748	0.843103	3.548e-01	2.250e+00	0.673049
chr1	258646	256652	260639	1.43791	7.095e-01	2.000e+00	2.04039
chr1	258908	256834	260981	1.50099	7.095e-01	2.000e+00	2.12991
chr1	259395	257086	261704	1.67992	1.064e+00	2.000e+00	3.57487
chr1	260191	258669	261713	1.051	1.064e+00	2.000e+00	2.23654
chr1	260688	258675	262700	1.44295	1.064e+00	2.250e+00	3.45442
chr1	265721	258681	272761	5.45693	1.064e+00	2.250e+00	13.0639
chr1	265832	258694	272970	5.49502	1.419e+00	1.280e+00	9.98072
chr1	265896	258746	273045	5.50523	1.774e+00	1.280e+00	12.5008
chr1	265943	258748	273138	5.5422	2.129e+00	1.280e+00	15.1032
chr1	266899	260639	273158	4.9481	2.129e+00	2.250e+00	23.7026
chr1	267096	260981	273210	4.8321	1.774e+00	2.250e+00	19.2873
chr1	267462	261704	273219	4.55708	1.774e+00	2.000e+00	16.1685
chr1	267494	261713	273274	4.57508	1.419e+00	2.000e+00	12.9841
chr1	267997	262700	273293	4.18908	1.419e+00	2.000e+00	11.8886
chr1	273043	272761	273324	0.184942	1.419e+00	2.000e+00	0.524865
chr1	273550	272970	274129	0.327081	1.419e+00	2.000e+00	0.928256
chr1	273636	273045	274227	0.336274	1.064e+00	2.000e+00	0.71559
chr1	273871	273138	274604	0.449571	1.064e+00	2.000e+00	0.956687
chr1	274209	273158	275259	0.598501	7.095e-01	2.000e+00	0.849274
chr1	274506	273210	275802	0.794711	3.548e-01	2.000e+00	0.563927
chr1	275063	273219	276907	1.23179	3.548e-01	2.000e+00	0.874076
chr1	275910	273274	278546	1.86428	3.548e-01	1.280e+00	0.846652
chr1	276302	273293	279311	2.01291	3.548e-01	1.280e+00	0.91415
chr1	276319	273324	279313	2.00181	3.548e-01	2.000e+00	1.42049
chr1	276731	274129	279332	1.82356	7.095e-01	2.000e+00	2.58763
chr1	276780	274227	279333	1.7846	1.064e+00	2.000e+00	3.79762
chr1	276988	274604	279371	1.64956	1.064e+00	2.000e+00	3.51026
chr1	277321	275259	279382	1.49713	7.095e-01	2.000e+00	2.12442
chr1	277788	275802	279774	1.39359	7.095e-01	2.000e+00	1.9775
chr1	278367	276907	279826	0.972695	7.095e-01	2.000e+00	1.38025
chr1	279189	278546	279832	0.321523	7.095e-01	2.000e+00	0.456241
chr1	279578	279311	279845	0.169763	7.095e-01	2.000e+00	0.240894
chr1	279586	279313	279859	0.174559	7.095e-01	2.000e+00	0.2477
chr1	279606	279332	279879	0.174959	1.064e+00	2.000e+00	0.372313
chr1	279619	279333	279905	0.184871	1.064e+00	2.000e+00	0.393406
chr1	279646	279371	279921	0.176158	7.095e-01	2.000e+00	0.249969
chr1	279655	279382	279927	0.17416	7.095e-01	2.000e+00	0.247133
chr1	279859	279774	279943	0.06747	7.095e-01	2.000e+00	0.0957399
chr1	280966	279826	282106	0.9102	7.095e-01	2.000e+00	1.29157
chr1	281018	279832	282203	0.9465	7.095e-01	2.000e+00	1.34308
chr1	281554	279845	283262	1.364	7.095e-01	2.000e+00	1.93552
chr1	281639	279859	283419	1.421	7.095e-01	2.000e+00	2.0164
chr1	281650	279879	283420	1.414	7.095e-01	2.000e+00	2.00647
chr1	281673	279905	283441	1.412	3.548e-01	2.000e+00	1.00196
chr1	281709	279921	283497	1.428	3.548e-11	2.000e+00	1.01331e-10
chr1	282136	279927	284344	1.763	3.548e-11	2.000e+00	1.25102e-10
chr1	282160	279943	284377	1.77	3.548e-11	2.000e+00	1.25599e-10
chr1	286914	282106	291722	3.839	3.548e-11	2.000e+00	2.72415e-10
chr1	287002	282203	291801	3.832	3.548e-11	2.000e+00	2.71919e-10
chr1	287533	283262	291804	3.41	3.548e-11	2.000e+00	2.41974e-10
chr1	287614	283419	291809	3.349	3.548e-11	2.000e+00	2.37645e-10
chr1	287681	283420	291941	3.402	3.548e-01	2.000e+00	2.41406
chr1	287694	283441	291946	3.395	7.095e-01	2.250e+00	5.41969
chr1	287724	283497	291950	3.374	1.064e+00	2.250e+00	8.07736
chr1	288303	284344	292262	3.161	1.064e+00	2.250e+00	7.56743
chr1	288338	284377	292299	3.162	1.064e+00	2.250e+00	7.56983
chr1	292710	291722	293698	0.7888	1.419e+00	1.280e+00	1.43271
chr1	292755	291801	293709	0.7617	1.419e+00	2.250e+00	2.43192
chr1	295688	291804	299571	3.05669	1.774e+00	2.250e+00	12.2008
chr1	295909	291809	300008	3.22869	1.774e+00	2.250e+00	12.8873
chr1	296019	291941	300096	3.2107	2.129e+00	2.250e+00	15.3801
chr1	297114	291946	302281	4.08169	1.774e+00	1.280e+00	9.26838
chr1	297117	291950	302283	4.08069	1.419e+00	1.250e+00	7.23813
chr1	297312	292262	302361	3.98769	1.064e+00	1.250e+00	5.30362
chr1	297605	292299	302911	4.04921	1.064e+00	1.250e+00	5.38544
chr1	298307	293698	302916	3.49319	1.064e+00	2.250e+00	8.36269
chr1	298317	293709	302924	3.49178	7.095e-01	1.280e+00	3.17109
chr1	301293	299571	303015	1.23052	7.095e-01	2.250e+00	1.96436
chr1	301839	300008	303670	1.07844	3.548e-01	2.250e+00	0.860918
chr1	301912	300096	303727	1.06434	3.548e-01	2.250e+00	0.849666
chr1	303494	302281	304707	0.247013	3.548e-11	2.250e+00	1.97191e-11
chr1	303545	302283	304806	0.285662	3.548e-11	2.000e+00	2.02706e-11
chr1	303601	302361	304841	0.268549	3.548e-11	2.000e+00	1.90562e-11
chr1	303954	302911	304996	0.219047	3.548e-11	2.000e+00	1.55436e-11
chr1	304107	302916	305297	0.335588	3.548e-11	2.000e+00	2.38133e-11
chr1	304150	302924	305375	0.363907	3.548e-11	2.000e+00	2.58229e-11
chr1	304472	303015	305929	0.482755	3.548e-11	2.000e+00	3.42563e-11
chr1	304898	303670	306125	0.538681	3.548e-11	2.000e+00	3.82248e-11
chr1	304944	303727	306160	0.53194	3.548e-11	2.000e+00	3.77465e-11
chr1	305435	304707	306163	0.477884	3.548e-01	2.000e+00	0.339107
chr1	305503	304806	306200	0.453178	7.095e-01	2.000e+00	0.64306
chr1	305556	304841	306270	0.467172	1.064e+00	2.000e+00	0.994141
chr1	305634	304996	306271	0.43999	1.064e+00	2.000e+00	0.936298
chr1	305836	305297	306374	0.362504	1.064e+00	2.000e+00	0.771408
chr1	305876	305375	306377	0.332602	1.064e+00	2.250e+00	0.79625
chr1	306409	305929	306888	0.247225	1.064e+00	2.250e+00	0.591857
chr1	306517	306125	306909	0.177433	1.064e+00	2.250e+00	0.424775
chr1	306548	306160	306935	0.173838	1.419e+00	2.250e+00	0.555022
chr1	306550	306163	306936	0.173039	1.419e+00	1.280e+00	0.314295
chr1	307051	306200	307901	0.500274	1.064e+00	2.250e+00	1.19766
chr1	307090	306270	307910	0.475964	7.095e-01	2.250e+00	0.759817
chr1	307111	306271	307950	0.491553	3.548e-01	2.250e+00	0.392407
chr1	307163	306374	307951	0.450783	3.548e-01	2.500e+00	0.399844
chr1	307173	306377	307969	0.456778	3.548e-01	2.250e+00	0.364646
chr1	307438	306888	307988	0.396028	7.095e-01	1.280e+00	0.359656
chr1	307473	306909	308037	0.407224	7.095e-01	1.280e+00	0.369825
chr1	307487	306935	308038	0.397227	7.095e-01	1.280e+00	0.360746
chr1	307492	306936	308048	0.400826	7.095e-01	2.250e+00	0.639869
chr1	307987	307901	308073	0.06866	1.064e+00	2.500e+00	0.182636
chr1	308168	307910	308425	0.2056	1.064e+00	2.250e+00	0.492206
chr1	308288	307950	308625	0.232424	1.419e+00	2.250e+00	0.742071
chr1	308301	307951	308651	0.242333	1.774e+00	2.250e+00	0.967271
chr1	308348	307969	308727	0.264326	2.129e+00	1.280e+00	0.720321
chr1	308429	307988	308869	0.278728	2.129e+00	2.250e+00	1.33518
chr1	308457	308037	308877	0.262339	1.774e+00	2.250e+00	1.04713
chr1	308486	308038	308934	0.284724	1.774e+00	2.250e+00	1.13648
chr1	308939	308048	309829	0.548212	1.774e+00	2.250e+00	2.18819
chr1	308981	308073	309888	0.561804	1.419e+00	2.000e+00	1.5944
chr1	309161	308425	309896	0.424443	1.419e+00	1.280e+00	0.770925
chr1	309266	308625	309907	0.386144	1.774e+00	1.280e+00	0.876824
chr1	309299	308651	309947	0.39174	1.419e+00	2.000e+00	1.11176
chr1	309356	308727	309984	0.377347	1.064e+00	2.000e+00	0.802995
chr1	309428	308869	309987	0.356561	1.064e+00	2.250e+00	0.853608
chr1	309438	308877	309999	0.35816	1.419e+00	1.250e+00	0.635287
chr1	309574	308934	310214	0.421246	1.419e+00	1.250e+00	0.747185
chr1	310034	309829	310239	0.1637	1.419e+00	1.250e+00	0.290363
chr1	310073	309888	310257	0.1473	1.774e+00	1.250e+00	0.326638
chr1	310093	309896	310290	0.1573	2.129e+00	1.250e+00	0.418615
chr1	310099	309907	310291	0.1533	1.774e+00	2.250e+00	0.611897
chr1	310133	309947	310318	0.1481	1.419e+00	2.250e+00	0.472846
chr1	310307	309984	310630	0.257501	1.419e+00	2.250e+00	0.822138
chr1	310413	309987	310839	0.28149	1.774e+00	2.250e+00	1.12357
chr1	310428	309999	310857	0.28349	1.774e+00	2.000e+00	1.00582
chr1	310542	310214	310869	0.202503	1.419e+00	2.000e+00	0.574704
chr1	310585	310239	310930	0.21522	1.774e+00	2.000e+00	0.763599
chr1	310600	310257	310942	0.211703	2.129e+00	2.250e+00	1.01411
chr1	310699	310290	311107	0.20172	1.774e+00	2.250e+00	0.805164
chr1	310752	310291	311213	0.243672	1.419e+00	2.250e+00	0.777983
chr1	310767	310318	311215	0.233682	1.774e+00	2.250e+00	0.932742
chr1	310962	310630	311293	0.12358	1.774e+00	1.280e+00	0.280615
chr1	311070	310839	311300	0.10116	2.129e+00	2.250e+00	0.484583
chr1	313406	310857	315954	1.73961	1.774e+00	2.250e+00	6.94365
chr1	313740	310869	316611	1.99268	1.419e+00	2.250e+00	6.36213
chr1	314467	310930	318003	2.48827	1.419e+00	2.250e+00	7.94441
chr1	314539	310942	318135	2.53657	1.064e+00	2.000e+00	5.39782
chr1	314713	311107	318318	2.60036	7.095e-01	2.000e+00	3.68991
chr1	314795	311213	318376	2.58044	7.095e-01	2.000e+00	3.66165
chr1	314983	311215	318750	2.72939	1.064e+00	2.000e+00	5.80815
chr1	315025	311293	318757	2.71853	7.095e-01	2.000e+00	3.85759
chr1	315032	311300	318764	2.71853	7.095e-01	2.000e+00	3.85759
chr1	317796	315954	319637	1.42132	3.548e-01	2.000e+00	1.00857
chr1	318137	316611	319662	1.1733	3.548e-01	2.000e+00	0.832576
chr1	318838	318003	319673	0.659917	3.548e-01	2.000e+00	0.468277
chr1	318979	318135	319823	0.667117	3.548e-01	2.000e+00	0.473386
chr1	319092	318318	319865	0.6176	3.548e-01	2.000e+00	0.438249
chr1	319138	318376	319900	0.608001	3.548e-01	2.000e+00	0.431438
chr1	319520	318750	320289	0.475562	3.548e-01	2.000e+00	0.337458
chr1	319723	318757	320689	0.632442	3.548e-11	2.000e+00	4.48781e-11
chr1	319743	318764	320722	0.642755	3.548e-11	2.000e+00	4.56099e-11
chr1	320325	319637	321012	0.410079	3.548e-11	2.000e+00	2.90992e-11
chr1	320440	319662	321218	0.482358	3.548e-11	2.000e+00	3.42281e-11
chr1	320488	319673	321303	0.511863	3.548e-11	2.000e+00	3.63218e-11
chr1	320586	319823	321348	0.469965	3.548e-11	2.000e+00	3.33487e-11
chr1	320696	319865	321527	0.524656	3.548e-01	2.000e+00	0.372296
chr1	322881	319900	325862	1.91502	7.095e-01	2.250e+00	3.05708
chr1	323090	320289	325891	1.90956	7.095e-01	2.250e+00	3.04837
chr1	323394	320689	326099	1.83347	7.095e-01	2.250e+00	2.9269
chr1	323569	320722	326416	1.94652	1.064e+00	2.667e+00	5.52361
chr1	323775	321012	326538	1.87951	1.419e+00	1.250e+00	3.33378
chr1	323881	321218	326543	1.79948	1.419e+00	1.250e+00	3.19182
chr1	323924	321303	326544	1.76555	1.419e+00	1.250e+00	3.13164
chr1	323947	321348	326545	1.74846	1.419e+00	1.312e+00	3.25516
chr1	324043	321527	326558	1.68158	1.419e+00	2.917e+00	6.96044
chr1	327028	325862	328193	0.766505	1.064e+00	2.500e+00	2.0389
chr1	327057	325891	328223	0.766905	1.064e+00	2.250e+00	1.83597
chr1	327191	326099	328283	0.707895	1.064e+00	1.280e+00	0.964096
chr1	327360	326416	328304	0.589713	1.419e+00	1.400e+00	1.17152
chr1	327422	326538	328305	0.541418	1.064e+00	1.400e+00	0.806497
chr1	327436	326543	328329	0.549014	1.064e+00	2.250e+00	1.31434
chr1	328012	326544	329479	1.00794	1.419e+00	2.250e+00	3.21809
chr1	328018	326545	329490	1.01193	1.419e+00	2.000e+00	2.87187
chr1	328609	326558	330659	1.47298	1.419e+00	2.000e+00	4.18032
chr1	329469	328193	330745	1.019	1.774e+00	2.250e+00	4.06734
chr1	329509	328223	330795	1.027	2.129e+00	1.280e+00	2.7987
chr1	329600	328283	330917	1.051	2.129e+00	1.280e+00	2.8641
chr1	329916	328304	331528	1.20679	2.129e+00	1.280e+00	3.28864
chr1	329930	328305	331554	1.21679	1.774e+00	1.280e+00	2.76298
chr1	329958	328329	331587	1.22076	1.774e+00	2.250e+00	4.87266
chr1	330558	329479	331637	0.781296	1.774e+00	2.000e+00	2.77204
chr1	330596	329490	331702	0.8028	1.774e+00	1.280e+00	1.82293
chr1	331208	330659	331756	0.357738	2.129e+00	1.280e+00	0.974879
chr1	331810	330745	332874	0.769698	2.483e+00	1.280e+00	2.44629
chr1	331890	330795	332985	0.794093	2.129e+00	2.000e+00	3.38125
chr1	332024	330917	333130	0.776466	2.129e+00	2.000e+00	3.30619
chr1	332894	331528	334260	0.988806	1.774e+00	2.000e+00	3.50828
chr1	332982	331554	334409	1.03782	1.774e+00	2.000e+00	3.68217
chr1	332999	331587	334410	1.02484	2.129e+00	2.000e+00	4.36375
chr1	333033	331637	334428	1.01186	2.483e+00	2.000e+00	5.02488
chr1	333066	331702	334429	0.986806	2.129e+00	2.000e+00	4.20182
chr1	333235	331756	334714	1.07882	2.129e+00	2.000e+00	4.59364
chr1	334311	332874	335748	1.04487	1.774e+00	2.000e+00	3.70719
chr1	334391	332985	335797	1.0208	1.774e+00	2.000e+00	3.6218
chr1	334474	333130	335817	0.997555	2.129e+00	1.280e+00	2.71846
chr1	335191	334260	336121	0.7429	2.129e+00	1.280e+00	2.02449
chr1	335296	334409	336183	0.7082	2.129e+00	1.280e+00	1.92993
chr1	335327	334410	336243	0.7317	2.129e+00	1.280e+00	1.99397
chr1	335371	334428	336313	0.7525	1.774e+00	1.280e+00	1.70872
chr1	335417	334429	336404	0.7884	1.419e+00	2.000e+00	2.23748
chr1	335563	334714	336411	0.6774	1.419e+00	2.000e+00	1.92246
chr1	336630	335748	337512	0.703003	1.064e+00	2.000e+00	1.49599
chr1	336719	335797	337640	0.724529	1.419e+00	2.000e+00	2.05621
chr1	336869	335817	337920	0.828328	1.419e+00	1.280e+00	1.50451
chr1	337145	336121	338169	0.78488	1.419e+00	1.280e+00	1.42559
chr1	337177	336183	338170	0.760482	1.419e+00	2.250e+00	2.42803
chr1	337207	336243	338171	0.736981	1.774e+00	2.250e+00	2.94166
chr1	337247	336313	338180	0.712583	2.129e+00	2.667e+00	4.04608
chr1	337380	336404	338355	0.746084	2.129e+00	1.400e+00	2.22378
chr1	337388	336411	338364	0.746884	2.129e+00	7.200e-01	1.14488
chr1	337972	337512	338431	0.335394	2.129e+00	1.400e+00	0.999677
chr1	338058	337640	338475	0.311771	2.483e+00	1.400e+00	1.08378
chr1	338579	337920	339237	0.373335	2.129e+00	2.667e+00	2.11981
chr1	338704	338169	339239	0.296298	1.774e+00	2.250e+00	1.18267
chr1	339094	338170	340018	0.606837	1.419e+00	2.000e+00	1.7222
chr1	340353	338171	342534	0.934469	1.419e+00	1.280e+00	1.69729
chr1	340364	338180	342548	0.936467	1.419e+00	2.000e+00	2.65769
chr1	340475	338355	342594	0.884708	1.419e+00	2.000e+00	2.5108
chr1	340489	338364	342614	0.88862	1.774e+00	2.000e+00	3.15282
chr1	340534	338431	342636	0.870637	1.774e+00	2.000e+00	3.08902
chr1	340562	338475	342649	0.85794	2.129e+00	2.000e+00	3.65311
chr1	343202	339237	347167	0.805971	1.774e+00	2.000e+00	2.85958
chr1	343221	339239	347203	0.819396	1.774e+00	2.000e+00	2.90722
chr1	343951	340018	347883	0.78001	1.774e+00	2.000e+00	2.76748
chr1	345225	342534	347916	0.46549	1.774e+00	2.000e+00	1.65156
chr1	345233	342548	347917	0.460126	1.419e+00	2.000e+00	1.30584
chr1	345297	342594	348000	0.468957	1.064e+00	2.000e+00	0.99794
chr1	345364	342614	348114	0.507383	7.095e-01	2.000e+00	0.719977
chr1	345380	342636	348123	0.502008	7.095e-01	2.000e+00	0.712349
chr1	349002	342649	355355	0.514105	7.095e-01	2.000e+00	0.729515
chr1	351351	347167	355534	0.464199	3.548e-01	2.000e+00	0.329396
chr1	351770	347203	356336	0.480199	7.095e-01	2.000e+00	0.681402
chr1	352248	347883	356612	0.318959	7.095e-01	2.000e+00	0.452603
chr1	352271	347916	356625	0.310974	1.064e+00	2.000e+00	0.661753
chr1	352322	347917	356727	0.351261	1.064e+00	2.000e+00	0.747483
chr1	352523	348000	357045	0.451076	1.419e+00	2.000e+00	1.28015
chr1	352900	348114	357685	0.512155	1.774e+00	2.250e+00	2.04426
chr1	352925	348123	357727	0.525304	1.774e+00	2.250e+00	2.09675
chr1	356593	355355	357830	0.549066	1.419e+00	1.280e+00	0.99728
chr1	356744	355534	357954	0.527544	1.419e+00	1.280e+00	0.958189
chr1	357443	356336	358549	0.555417	1.419e+00	1.280e+00	1.00881
chr1	357583	356612	358553	0.446904	1.419e+00	2.250e+00	1.42685
chr1	357596	356625	358567	0.447304	1.419e+00	2.250e+00	1.42813
chr1	357697	356727	358667	0.446505	1.064e+00	2.000e+00	0.950162
chr1	357905	357045	358764	0.35826	1.064e+00	2.000e+00	0.762378
chr1	358255	357685	358824	0.275612	7.095e-01	2.000e+00	0.391093
chr1	358276	357727	358825	0.259231	3.548e-01	2.000e+00	0.18395
chr1	358340	357830	358849	0.227728	7.095e-01	1.280e+00	0.206814
chr1	358433	357954	358912	0.194191	1.064e+00	1.280e+00	0.264472
chr1	358858	358549	359167	0.231555	1.064e+00	1.280e+00	0.31536
chr1	359062	358553	359570	0.380077	1.064e+00	1.280e+00	0.517634
chr1	359323	358567	360078	0.577269	1.064e+00	2.000e+00	1.22843
chr1	359651	358667	360635	0.746899	1.064e+00	2.000e+00	1.5894
chr1	359781	358764	360797	0.768107	1.064e+00	2.000e+00	1.63453
chr1	360033	358824	361241	0.921404	1.064e+00	2.000e+00	1.96075
chr1	360711	358825	362596	1.38929	1.419e+00	2.000e+00	3.94281
chr1	360767	358849	362684	1.41246	1.419e+00	2.000e+00	4.00857
chr1	362041	358912	365170	1.67305	1.064e+00	2.000e+00	3.56025
chr1	363885	359167	368603	2.01623	7.095e-01	2.000e+00	2.86102
chr1	364087	359570	368604	1.86626	7.095e-01	2.250e+00	2.97925
chr1	364362	360078	368646	1.68027	7.095e-01	2.667e+00	3.17946
chr1	365382	360635	370129	2.0353	3.548e-01	2.667e+00	1.92591
chr1	368065	360797	375333	2.46339	3.548e-01	2.667e+00	2.33099
chr1	368290	361241	375339	2.28848	3.548e-01	1.250e+00	1.01494
chr1	368971	362596	375346	1.82268	3.548e-01	1.250e+00	0.808357
chr1	369017	362684	375350	1.79177	3.548e-11	2.667e+00	1.69547e-10
chr1	370271	365170	375372	1.52413	3.548e-11	2.667e+00	1.44221e-10
chr1	371990	368603	375376	1.08695	3.548e-01	2.667e+00	1.02853
chr1	371992	368604	375380	1.08807	7.095e-01	2.250e+00	1.73696
chr1	372016	368646	375386	1.07385	7.095e-01	2.000e+00	1.52379
chr1	372759	370129	375388	0.509985	7.095e-01	2.000e+00	0.723669
chr1	375367	375333	375401	0.02715	7.095e-01	2.000e+00	0.0385259
chr1	375385	375339	375431	0.03673	7.095e-01	2.000e+00	0.0521199
chr1	375395	375346	375443	0.03872	7.095e-01	2.000e+00	0.0549437
chr1	375397	375350	375444	0.03752	1.064e+00	2.000e+00	0.0798426
chr1	375522	375372	375672	0.1198	1.064e+00	2.000e+00	0.254934
chr1	375527	375376	375678	0.1206	1.064e+00	2.000e+00	0.256637
chr1	375542	375380	375704	0.1293	7.095e-01	2.000e+00	0.183477
chr1	380023	375386	384660	0.206354	3.548e-01	2.000e+00	0.146429
chr1	380440	375388	385492	0.379248	7.095e-01	2.000e+00	0.538153
chr1	383873	375401	392344	0.473847	7.095e-01	2.000e+00	0.672389
chr1	383916	375431	392401	0.480578	1.064e+00	2.000e+00	1.02267
chr1	384174	375443	392904	0.676563	1.064e+00	2.000e+00	1.43973
chr1	384257	375444	393069	0.742081	1.064e+00	2.000e+00	1.57915
chr1	385484	375672	395296	1.3237	1.064e+00	2.000e+00	2.81683
chr1	385517	375678	395356	1.34516	1.064e+00	2.000e+00	2.86249
chr1	385782	375704	395860	1.53599	1.064e+00	2.000e+00	3.26859
chr1	390284	384660	395908	1.47604	1.064e+00	2.000e+00	3.14102
chr1	390781	385492	396069	1.36662	1.064e+00	2.000e+00	2.90817
chr1	394524	392344	396703	1.3034	1.064e+00	2.000e+00	2.77364
chr1	394575	392401	396748	1.30205	1.419e+00	2.000e+00	3.69521
chr1	394992	392904	397079	1.23388	1.064e+00	2.000e+00	2.6257
chr1	395431	393069	397792	1.31559	1.419e+00	2.000e+00	3.73364
chr1	396550	395296	397804	0.647917	1.774e+00	2.000e+00	2.29881
chr1	396585	395356	397813	0.627664	1.419e+00	2.000e+00	1.78131
chr1	396844	395860	397828	0.432499	1.774e+00	2.000e+00	1.53451
chr1	396879	395908	397850	0.422165	1.774e+00	2.000e+00	1.49784
chr1	397172	396069	398274	0.397806	2.129e+00	1.280e+00	1.08407
chr1	397593	396703	398483	0.444474	2.483e+00	1.280e+00	1.41265
chr1	398240	396748	399732	0.868612	2.483e+00	1.280e+00	2.76066
chr1	398434	397079	399789	0.759515	2.483e+00	2.000e+00	3.77175
chr1	398849	397792	399905	0.657563	2.483e+00	2.000e+00	3.26546
chr1	398872	397804	399940	0.666758	2.483e+00	2.250e+00	3.72501
chr1	399040	397813	400267	0.7346	2.483e+00	1.280e+00	2.33474
chr1	399062	397828	400296	0.740197	2.483e+00	1.280e+00	2.35252
chr1	399213	397850	400575	0.842941	2.129e+00	1.280e+00	2.29711
chr1	400123	398274	401972	1.36028	2.483e+00	1.280e+00	4.3233
chr1	400260	398483	402037	1.30324	2.483e+00	1.400e+00	4.53034
chr1	400888	399732	402043	0.863541	2.483e+00	1.280e+00	2.74454
chr1	400967	399789	402145	0.881444	2.129e+00	1.280e+00	2.40204
chr1	402070	399905	404235	1.66992	2.129e+00	2.250e+00	7.99932
chr1	402162	399940	404383	1.71492	2.483e+00	7.200e-01	3.06587
chr1	402450	400267	404632	1.743	2.483e+00	7.200e-01	3.11607
chr1	402625	400296	404953	1.859	2.483e+00	1.280e+00	5.90835
chr1	403033	400575	405491	1.962	2.483e+00	1.280e+00	6.23571
chr1	403745	401972	405517	1.415	2.838e+00	1.250e+00	5.01971
chr1	403799	402037	405561	1.4066	2.838e+00	7.200e-01	2.87419
chr1	404192	402043	406340	1.45803	2.838e+00	7.200e-01	2.97928
chr1	404286	402145	406426	1.45197	2.838e+00	7.200e-01	2.9669
chr1	405334	404235	406432	0.620045	3.193e+00	7.200e-01	1.42546
chr1	405437	404383	406490	0.584142	3.193e+00	1.400e+00	2.61123
chr1	405565	404632	406497	0.487556	3.193e+00	1.400e+00	2.17947
chr1	405729	404953	406504	0.362264	3.193e+00	2.250e+00	2.60259
chr1	406022	405491	406552	0.166728	3.193e+00	1.400e+00	0.745306
chr1	406038	405517	406558	0.158742	3.193e+00	7.200e-01	0.364941
chr1	406068	405561	406574	0.147961	2.838e+00	2.250e+00	0.944805
chr1	406477	406340	406613	0.109	2.483e+00	2.250e+00	0.608956
chr1	406530	406426	406633	0.08263	2.129e+00	2.250e+00	0.395818
chr1	406794	406432	407155	0.201701	2.129e+00	2.250e+00	0.966199
chr1	406833	406490	407176	0.186986	1.774e+00	2.000e+00	0.663425
chr1	406870	406497	407243	0.210892	1.774e+00	2.000e+00	0.748244
chr1	407160	406504	407816	0.32912	1.419e+00	2.000e+00	0.934044
chr1	407192	406552	407831	0.315934	1.419e+00	2.000e+00	0.89662
chr1	407222	406558	407886	0.335451	1.064e+00	2.000e+00	0.713839
chr1	407233	406574	407891	0.331055	1.064e+00	2.000e+00	0.704486
chr1	407273	406613	407932	0.331855	1.064e+00	2.000e+00	0.706186
chr1	407283	406633	407933	0.324325	1.064e+00	2.000e+00	0.690164
chr1	407832	407155	408509	0.432799	1.064e+00	2.000e+00	0.920996
chr1	407848	407176	408519	0.428401	7.095e-01	2.000e+00	0.607902
chr1	408341	407243	409438	0.76847	1.064e+00	2.000e+00	1.63531
chr1	408651	407816	409485	0.6663	1.064e+00	2.000e+00	1.41789
chr1	408682	407831	409532	0.679	1.064e+00	2.000e+00	1.44491
chr1	408713	407886	409540	0.6603	1.064e+00	2.000e+00	1.40512
chr1	408739	407891	409587	0.671415	1.419e+00	2.000e+00	1.90548
chr1	408775	407932	409617	0.662725	1.419e+00	2.000e+00	1.88081
chr1	408837	407933	409741	0.68988	1.774e+00	2.000e+00	2.44769
chr1	409314	408509	410119	0.610784	1.774e+00	2.000e+00	2.16706
chr1	409555	408519	410590	0.778423	1.774e+00	2.000e+00	2.76184
chr1	410278	409438	411117	0.622022	2.129e+00	2.250e+00	2.97964
chr1	410438	409485	411390	0.712221	1.774e+00	2.250e+00	2.84283
chr1	413286	409532	417039	0.785575	1.419e+00	7.200e-01	0.802606
chr1	413722	409540	417904	1.0957	1.419e+00	1.280e+00	1.99015
chr1	414457	409587	419327	1.64964	1.064e+00	1.280e+00	2.24667
chr1	414987	409617	420356	1.89123	1.064e+00	2.250e+00	4.5276
chr1	415072	409741	420402	1.88211	1.064e+00	2.250e+00	4.50577
chr1	415271	410119	420423	1.73939	1.064e+00	2.000e+00	3.70143
chr1	415516	410590	420442	1.57552	1.419e+00	2.000e+00	4.47131
chr1	415809	411117	420501	1.38863	1.419e+00	2.000e+00	3.94094
chr1	416063	411390	420735	1.37328	1.064e+00	2.000e+00	2.92233
chr1	418898	417039	420756	1.28962	1.064e+00	2.000e+00	2.74431
chr1	419772	417904	421640	1.28353	1.064e+00	2.000e+00	2.73135
chr1	420498	419327	421668	0.727809	1.064e+00	2.000e+00	1.54878
chr1	421015	420356	421673	0.480629	1.064e+00	2.000e+00	1.02278
chr1	421039	420402	421675	0.463124	7.095e-01	2.000e+00	0.657173
chr1	421079	420423	421735	0.47872	1.064e+00	2.000e+00	1.01872
chr1	421231	420442	422019	0.584422	7.095e-01	2.000e+00	0.829294
chr1	421389	420501	422277	0.663914	3.548e-01	2.000e+00	0.471114
chr1	421735	420735	422735	0.753313	7.095e-01	2.000e+00	1.06895
chr1	421756	420756	422755	0.752913	7.095e-01	2.000e+00	1.06838
chr1	422237	421640	422834	0.4766	7.095e-01	2.000e+00	0.676295
chr1	422306	421668	422943	0.509	1.064e+00	1.280e+00	0.693217
chr1	422334	421673	422995	0.5277	1.419e+00	1.280e+00	0.958472
chr1	422368	421675	423061	0.5533	1.774e+00	1.280e+00	1.25639
chr1	422447	421735	423159	0.5685	2.129e+00	1.280e+00	1.54923
chr1	422649	422019	423279	0.503	2.129e+00	2.250e+00	2.4095
chr1	422784	422277	423291	0.4048	2.129e+00	2.250e+00	1.93909
chr1	423160	422735	423585	0.3393	2.483e+00	2.250e+00	1.89558
chr1	423180	422755	423604	0.3389	2.483e+00	1.280e+00	1.07711
chr1	423230	422834	423626	0.3162	2.483e+00	1.280e+00	1.00496
chr1	423305	422943	423666	0.2886	2.483e+00	2.250e+00	1.61234
chr1	423840	422995	424685	0.6747	2.129e+00	2.250e+00	3.23198
chr1	423876	423061	424691	0.6507	1.774e+00	2.250e+00	2.59727
chr1	423930	423159	424700	0.6152	1.774e+00	2.000e+00	2.18273
chr1	424008	423279	424737	0.582	1.774e+00	2.000e+00	2.06494
chr1	424067	423291	424842	0.6192	1.774e+00	2.000e+00	2.19692
chr1	424370	423585	425155	0.6267	1.774e+00	2.000e+00	2.22353
chr1	424410	423604	425216	0.6435	1.419e+00	2.000e+00	1.82625
chr1	426971	423626	430316	2.671	1.064e+00	2.000e+00	5.68389
chr1	426999	423666	430332	2.661	1.064e+00	2.000e+00	5.66261
chr1	427514	424685	430343	2.259	1.419e+00	2.000e+00	6.41104
chr1	427519	424691	430347	2.258	1.419e+00	2.000e+00	6.4082
chr1	427551	424700	430402	2.276	1.419e+00	2.000e+00	6.45929
chr1	429003	424737	433268	3.406	1.064e+00	2.000e+00	7.24797
chr1	429085	424842	433328	3.388	1.064e+00	2.000e+00	7.20966
chr1	429251	425155	433347	3.27	1.064e+00	2.000e+00	6.95856
chr1	429286	425216	433355	3.249	1.064e+00	2.000e+00	6.91387
chr1	431969	430316	433622	1.32	1.064e+00	2.000e+00	2.80896
chr1	432063	430332	433794	1.382	1.419e+00	2.000e+00	3.92212
chr1	432241	430343	434138	1.515	1.774e+00	2.000e+00	5.37522
chr1	432269	430347	434191	1.535	1.774e+00	1.280e+00	3.48556
chr1	432313	430402	434224	1.526	2.129e+00	1.280e+00	4.15853
chr1	433753	433268	434238	0.3872	2.129e+00	1.280e+00	1.05517
chr1	433784	433328	434239	0.3637	2.129e+00	1.280e+00	0.991126
chr1	433851	433347	434354	0.402	2.129e+00	1.280e+00	1.0955
chr1	433921	433355	434486	0.4515	2.129e+00	1.280e+00	1.23039
chr1	434065	433622	434507	0.3533	2.129e+00	1.280e+00	0.962785
chr1	434177	433794	434560	0.3058	2.483e+00	1.280e+00	0.971906
chr1	434528	434138	434917	0.311	2.129e+00	1.280e+00	0.847512
chr1	434572	434191	434952	0.3038	2.129e+00	1.400e+00	0.905506
chr1	434624	434224	435024	0.3194	1.774e+00	2.250e+00	1.27489
chr1	434890	434238	435542	0.5206	1.419e+00	2.250e+00	1.66215
chr1	434905	434239	435570	0.5313	1.419e+00	1.280e+00	0.965011
chr1	434966	434354	435577	0.4882	1.419e+00	1.280e+00	0.886727
chr1	435047	434486	435608	0.4479	1.419e+00	2.250e+00	1.43003
chr1	435074	434507	435641	0.451902	1.419e+00	2.250e+00	1.44281
chr1	435118	434560	435676	0.444702	1.774e+00	1.250e+00	0.986127
chr1	435298	434917	435679	0.303403	1.774e+00	1.280e+00	0.688942
chr1	435323	434952	435694	0.295403	1.774e+00	1.280e+00	0.670777
chr1	435360	435024	435695	0.267103	1.419e+00	2.000e+00	0.758037
chr1	435630	435542	435717	0.0690661	1.774e+00	2.000e+00	0.245047
chr1	435666	435570	435761	0.0754557	1.774e+00	2.000e+00	0.267717
chr1	435711	435577	435845	0.106204	1.774e+00	2.000e+00	0.376813
chr1	435747	435608	435886	0.110204	2.129e+00	1.280e+00	0.30032
chr1	435793	435641	435944	0.121	1.774e+00	1.280e+00	0.274757
chr1	435841	435676	436005	0.1313	1.774e+00	1.280e+00	0.298146
chr1	435848	435679	436016	0.1345	1.419e+00	1.280e+00	0.244295
chr1	435946	435694	436197	0.2008	1.064e+00	2.000e+00	0.427302
chr1	435986	435695	436276	0.2319	1.064e+00	2.000e+00	0.493483
chr1	436009	435717	436301	0.2331	1.064e+00	2.000e+00	0.496037
chr1	436040	435761	436319	0.2228	1.064e+00	2.000e+00	0.474118
chr1	436095	435845	436345	0.1996	1.064e+00	2.000e+00	0.424749
chr1	436124	435886	436361	0.1896	1.064e+00	2.000e+00	0.403469
chr1	436173	435944	436401	0.1824	1.064e+00	2.000e+00	0.388147
chr1	436230	436005	436454	0.1792	1.064e+00	2.000e+00	0.381338
chr1	436237	436016	436457	0.176	1.064e+00	2.000e+00	0.374528
chr1	436329	436197	436461	0.1054	1.064e+00	2.000e+00	0.224291
